54795 20011216  1.001  -70.95   43.11 -9999.0 -9999.0 -9999.0 -9999.0 -9999.0 -9999.00 U -9999.0 -9999.0 -9999.0 -9999.0 -9999.0 -9999.0 -99.000 -99.000 -99.000 -99.000 -99.000 -9999.0 -9999.0 -9999.0 -9999.0 -9999.0
54795 20011217  1.001  -70.95   43.11     0.2    -5.4    -2.6    -2.3 -9999.0     1.15 R -9999.0 -9999.0    -1.1 -9999.0 -9999.0 -9999.0 -99.000 -99.000 -99.000 -99.000 -99.000 -9999.0 -9999.0 -9999.0 -9999.0 -9999.0
54795 20011218  1.001  -70.95   43.11     1.7    -0.2     0.8     0.6 -9999.0     1.28 R -9999.0 -9999.0    -0.5 -9999.0 -9999.0 -9999.0 -99.000 -99.000 -99.000 -99.000 -99.000 -9999.0 -9999.0 -9999.0 -9999.0 -9999.0
54795 20011219  1.001  -70.95   43.11 -9999.0 -9999.0 -9999.0 -9999.0 -9999.0 -9999.00 U -9999.0 -9999.0 -9999.0 -9999.0 -9999.0 -9999.0 -99.000 -99.000 -99.000 -99.000 -99.000 -9999.0 -9999.0 -9999.0 -9999.0 -9999.0
54795 20011220  1.001  -70.95   43.11 -9999.0 -9999.0 -9999.0 -9999.0 -9999.0 -9999.00 U -9999.0 -9999.0 -9999.0 -9999.0 -9999.0 -9999.0 -99.000 -99.000 -99.000 -99.000 -99.000 -9999.0 -9999.0 -9999.0 -9999.0 -9999.0
54795 20011221  1.001  -70.95   43.11     1.8    -2.0    -0.1     0.2 -9999.0     3.28 R -9999.0 -9999.0    -1.2 -9999.0 -9999.0 -9999.0 -99.000 -99.000 -99.000 -99.000 -99.000 -9999.0 -9999.0 -9999.0 -9999.0 -9999.0
54795 20011222  1.001  -70.95   43.11     0.4    -6.8    -3.2    -2.7 -9999.0     7.23 R -9999.0 -9999.0    -3.2 -9999.0 -9999.0 -9999.0 -99.000 -99.000 -99.000 -99.000 -99.000 -9999.0 -9999.0 -9999.0 -9999.0 -9999.0
54795 20011223  1.001  -70.95   43.11 -9999.0 -9999.0 -9999.0 -9999.0 -9999.0     7.24 R -9999.0 -9999.0    -2.7 -9999.0 -9999.0 -9999.0 -99.000 -99.000 -99.000 -99.000 -99.000 -9999.0 -9999.0 -9999.0 -9999.0 -9999.0
54795 20011224  1.001  -70.95   43.11     7.3    -1.2     3.1     2.3 -9999.0     0.78 R -9999.0 -9999.0     0.7 -9999.0 -9999.0 -9999.0 -99.000 -99.000 -99.000 -99.000 -99.000 -9999.0 -9999.0 -9999.0 -9999.0 -9999.0
54795 20011225  1.001  -70.95   43.11     2.7    -4.6    -0.9    -1.3 -9999.0     7.22 R -9999.0 -9999.0    -1.5 -9999.0 -9999.0 -9999.0 -99.000 -99.000 -99.000 -99.000 -99.000 -9999.0 -9999.0 -9999.0 -9999.0 -9999.0
54795 20011226  1.001  -70.95   43.11     1.7    -6.9    -2.6    -2.9 -9999.0     4.99 R -9999.0 -9999.0    -1.8 -9999.0 -9999.0 -9999.0 -99.000 -99.000 -99.000 -99.000 -99.000 -9999.0 -9999.0 -9999.0 -9999.0 -9999.0
54795 20011227  1.001  -70.95   43.11     0.1    -8.0    -3.9    -4.2 -9999.0     4.77 R -9999.0 -9999.0    -3.5 -9999.0 -9999.0 -9999.0 -99.000 -99.000 -99.000 -99.000 -99.000 -9999.0 -9999.0 -9999.0 -9999.0 -9999.0
54795 20011228  1.001  -70.95   43.11 -9999.0 -9999.0 -9999.0 -9999.0 -9999.0     5.51 R -9999.0 -9999.0    -4.4 -9999.0 -9999.0 -9999.0 -99.000 -99.000 -99.000 -99.000 -99.000 -9999.0 -9999.0 -9999.0 -9999.0 -9999.0
54795 20011229  1.001  -70.95   43.11     1.7    -6.2    -2.2    -2.7 -9999.0     6.67 R -9999.0 -9999.0    -4.1 -9999.0 -9999.0 -9999.0 -99.000 -99.000 -99.000 -99.000 -99.000 -9999.0 -9999.0 -9999.0 -9999.0 -9999.0
54795 20011230  1.001  -70.95   43.11     1.0    -7.6    -3.3    -3.2 -9999.0     7.31 R -9999.0 -9999.0    -5.1 -9999.0 -9999.0 -9999.0 -99.000 -99.000 -99.000 -99.000 -99.000 -9999.0 -9999.0 -9999.0 -9999.0 -9999.0
54795 20011231  1.001  -70.95   43.11    -0.1    -7.4    -3.7    -3.7 -9999.0     7.43 R -9999.0 -9999.0    -5.6 -9999.0 -9999.0 -9999.0 -99.000 -99.000 -99.000 -99.000 -99.000 -9999.0 -9999.0 -9999.0 -9999.0 -9999.0